532
424
909
7520
143
393
780
912
3195
679
553
602
565
54
423
5447
499
364
64
836
966
832
479
891
999
845
335
506
242
628
511
436
486
477
423
9388
778
919
166
639
136
91
694
8
253
762
251
207
477
982
401
645
896
528
977
897
273
931
916
9932
588
21
782
2955
623
109
599
557
660
43
859
669
709
972
6689
996
669
8786
8194
243
299
616
5273
633
559
254
902
352
637
152
932
886
25
496
396
193
897
895
133
607
371
1023
326
671
7076
4682
237
0
290
9801
595
470
228
88
182
531
3368
645
148
657
3411
196
8556
404
212
3793
830
168
867
342
4497
545
66
197
870
732
879
3734
1910
843
989
401
5851
698
6
404
651
100
163
185
200
86
409
44
855
915
327
609
9
4023
757
550
574
228
804
641
530
177
723
230
653
12
963
312
835
674
9406
3678
201
1161
320
498
746
8377
762
106
618
1741
588
4418
343
8140
266
661
364
3758
790
189
102
946
975
562
29
20
5577
340
636
3565
123
196
708
712
456
20
5006
299
948
38
9964
806
678
812
851
5271
590
262
606
288
130
687
329
8987
96
802
816
813
271
96
967
790
793
512
602
455
94
196
3022
756
612
66
399
115
576
336
127
404
1957
485
564
398
9777
203
115
780
633
930
380
615
537
118
190
576
397
451
65
375
637
599
758
4809
598
787
645
878
160
266
2184
673
935
446
406
826
5523
658
922
992
609
959
310
6564
425
729
3382
918
6880
387
2291
449
705
356
485
555
980
4836
930
97
573
307
97
971
262
4088
119
828
565
3334
8526
79
179
706
515
798
8811
680
96
8446
431
508
684
240
523
73
284
629
979
126
342
109
283
805
782
442
985
965
990
928
135
36
419
8469
345
793
120
539
643
485
498
175
458
148
467
876
377
6309
7784
147
157
120
804
596
9186
78
206
540
945
660
652
203
89
251
895
367
681
786
419
818
518
310
362
308
225
918
891
772
615
623
311
290
2272
156
261
727
5392
585
479
716
11
637
193
15
375
801
392
122
763
800
332
614
380
8209
734
659
831
318
29
6
767
568
953
198
505
894
974
584
760
974
377
371
5812
136
857
833
673
648
512
563
999
355
4
94
705
573
843
33
957
874
839
753
493
434
999
958
463
676
335
901
223
434
2835
842
423
695
925
408
808
199
306
482
660
581
336
858
697
231
752
16
196
362
764
7231
7827
7723
7590
8156
7488
7608
7576
8159
938
7705
7940
7318
7420
8112
7556
7587
7521
8124
7869
8063
7989
9390
7812
7339
9207
8027
8129
7286
983
4521
7349
7505
7255
7358
7283
7548
7827
7875
7753
7351
7451
7880
2420
7978
7478
7252
5064
7930
7758
7327
8013
7440
7407
7587
7908
7631
7806
1479
7815
7926
7630
7808
7430
6399
7514
8046
7876
7556
7573
7964
7563
8181
8090
8151
7227
7773
7230
2017
7637
8035
7837
7237
8118
7985
7355
7468
7558
7971
2558
5394
7563
7743
3753
7744
9243
7912
7890
7847
7994
8027
7575
4713
7699
7581
9168
7896
9962
8497
7774
8241
7958
9999
8159
7318
8088
7817
7509
8002
8096
7765
7619
8133
7217
6136
7557
7230
7393
8092
7804
7589
8099
8180
8121
7345
8168
7325
7453
7263
7367
7413
7956
7812
7394
7609
8099
8110
7482
540
7422
7837
7788
7931
5104
8199
7508
8000
7653
7421
7479
7979
7258
7568
5752
7980
7424
8065
8010
7843
7395
8152
7380
8082
2824
7261
7555
7912
7271
2273
7522
7530
7593
7755
7481
7669
7624
7710
6536
7451
7828
7214
7296
7483
7615
7531
7685
8190
7819
7219
11
7926
7757
906
7995
7366
8062
8132
53
1197
7296
3908
7734
7845
8166
8156
7971
7784
7451
7386
8001
5950
7630
7992
7481
7211
8886
7574
3487
5047
7460
7564
8077
7375
8152
7712
3586
7500
5458
9771
7247
8193
7277
8170
7317
7877
7571
8005
7224
7759
7287
7437
9323
8030
7547
7559
7327
7599
7797
7251
7296
7450
7285
7899
7219
7308
8078
7855
7383
7870
1644
7604
7711
7834
8062
7414
7585
7298
7706
7993
2289
8494
9257
7379
8071
8128
7816
7826
8059
7513
7294
8124
8057
7569
7733
7325
8078
7562
7484
7933
8162
7946
8047
8177
7532
7777
7659
7380
7831
7203
7984
8164
7407
7995
7409
7262
7458
7269
584
7853
7655
7578
8027
7936
1407
7735
7440
7377
9475
6040
8822
8198
7299
7531
8163
7773
7925
7941
7839
7683
8033
7474
514
7468
7462
7455
329
8124
4700
7507
7435
7998
7830
7409
7848
7469
7323
7649
7867
7978
7604
8039
7865
7781
7282
7482
7474
7363
7839
7977
9828
7447
8121
7821
8187
7551
7364
7264
7211
7581
7869
7437
7382
8285
7942
7283
7718
1457
7800
7399
8148
7721
1116
7218
7635
7437
928
7361
7763
7242
7419
7284
7565
7438
8182
8057
7651
8107
9191
7457
7603
7294
7571
8039
4484
7481
7398
8068
7597
8101
7529
7691
8046
7377
7874
974
7717
7418
7244
7914
7653
7337
8025
2681
8002
7932
7973
7233
8106
7237
7341
7347
8188
7802
8081
7470
8027
7654
8109
8112
8038
7773
1559
7444
2475
7525
7700
8073
7302
7816
8067
7440
7608
7896
7324
1480
7943
7699
7764
7839
8032
7443
8063
7551
7545
7966
7293
7718
7414
7234
7794
7632
7833
7961
7694
7281
7479
2306
7381
2121
7829
8130
8073
1808
7944
7914
7942
7414
7430
7702
7985
7201
1429
2223
2297
2167
2021
711
2261
1873
2126
4990
1882
1742
2247
1709
1760
1929
1973
7896
1325
2098
2195
2292
1477
2297
1678
2138
1857
1933
1583
8264
1942
1422
1449
1384
1409
1672
2003
9484
1851
1522
1383
1797
1934
1408
1455
1490
1540
2096
1401
1944
1880
1820
2272
1536
1708
3720
1856
1356
2170
1615
9049
1600
1573
1870
1670
2033
7111
1691
1535
2124
1749
1899
1428
2205
1721
1475
1336
1414
1513
1978
1444
1803
1753
1721
1849
1541
1598
1346
2016
1867
1389
1850
3819
1837
1763
8371
1307
1312
2107
1444
1450
1592
2247
1952
1754
2261
1320
1317
1480
1489
7489
1513
1476
1412
1918
1697
1387
1564
1970
5649
1581
1752
2244
1408
2266
1575
1920
1899
2215
1677
2230
1475
2196
7881
1476
1489
1837
1532
2154
1722
1502
2169
2065
1471
1728
2119
8736
1631
2266
2076
9755
1983
1728
7050
9570
2331
1863
1403
1799
1444
2295
1460
1620
3467
1706
177
1683
9579
1900
1634
7996
1522
1757
2201
1518
1628
1460
1535
1496
1681
1892
1481
1699
1348
2052
2090
7126
2061
1958
1568
1586
2088
9225
1491
1755
1492
1863
1605
6292
7517
2087
2261
2186
1526
1708
2117
1664
2204
2927
2057
1316
2216
2144
2281
1728
1551
1764
2138
1527
2003
1423
1658
1991
2189
1785
1691
1850
1884
4338
2049
1822
1695
1581
1304
2257
2118
1743
1453
2295
1678
1891
7484
1946
6539
6495
1953
1737
2110
1406
1621
1895
2262
2180
6648
2217
1441
5422
1682
1989
1374
8050
1353
1559
1721
2194
3733
2316
1992
1397
1442
2222
1754
1906
1934
1405
3163
1996
1893
9850
2106
1806
1668
1756
1882
1361
2252
2198
1761
1487
2243
2143
1912
1334
4992
1411
1659
1365
1982
6084
2252
1645
5604
1700
1737
1851
2292
2265
1513
1716
1331
1320
2070
2002
2001
1899
1471
2054
1741
1579
8032
1499
2134
3398
1200
2222
1421
1676
1315
1413
1477
1925
6480
1754
1918
2120
2083
1923
1581
1616
2261
1976
2177
2056
1866
1667
2046
1408
1439
1301
663
8508
1354
2173
9999
1470
1922
1767
1582
1385
1475
9856
2030
1329
1436
1535
1525
2128
1671
1696
2148
3323
2288
1725
1361
2226
1322
9009
1794
1523
1626
2046
2261
1369
1591
1340
1959
1689
1536
2167
1659
1855
2140
3975
1986
1753
2029
2280
2157
1937
1506
2082
2111
2192
3007
1585
1711
1668
1312
8348
1697
1887
1364
1576
8694
7654
1335
1850
2281
1697
1502
9137
1367
1976
1919
1610
1752
2268
1944
1414
1571
2057
2151
1560
6265
1658
2213
2083
2079
5713
1452
1773
1767
2282
1693
1313
8074
1948
1976
2071
2040
1880
1603
1642
8659
1616
1570
1987
2285
2288
1638
1406
1754
1554
2023
1500
6433
2295
1908
2090
1506
1594
1628
2126
2047
1959
2118
875
1848
1799
1802
1946
2001
1672
1755
260
1844
2055
1894
3031
1495
1519
2238
1322
2295
1789
2213
1794
1355
1338
1718
1984
5061
2228
6337
1689
1841
1994
1777
2257
1333
1780
4650
2085
1991
1407
1538
1558
1496
1891
1633
1579
1795
1847
2233
1908
1541
1344
1888
1938
2089
1492
1984
1451
2229
9929
2117
1913
5341
1988
1636
1347
1732
2201
1700
1641
2307
1665
1828
2046
1473
1776
2063
4693
9377
1706
2173
1365
9694
2078
1655
1361
1713
1331
2173
1513
1388
2140
2036
1354
1991
1722
1584
2194
1484
2228
2103
1405
1486
1528
1812
2043
1404
1590
3273
1862
1928
1621
2293
1994
3318
1808
5074
1403
1647
1794
1838
1329
1434
1177
1621
1741
2102
1919
1618
1842
1957
4970
2246
1397
6805
2049
1983
1554
1580
1851
1788
2119
2251
1338
2132
1531
1915
1597
1980
1853
1401
1798
1574
1481
1760
2004
2070
2228
1751
1416
2141
2002
2009
85
1909
1801
2000
3333
1382
1300
1920
1417
1686
1809
1819
1585
2086
1930
1873
2125
2236
2036
1311
2156
2021
1867
2154
2078
1787
1779
1590
1985
6809
2172
1370
2258
1708
1834
1413
2166
1406
1966
1715
2226
1347
4556
1611
2208
2126
1345
1898
1605
1767
2097
1812
1617
1661
2050
1505
1690
1935
1679
1364
2255
1594
2121
9306
2267
1916
1790
1401
9133
1373
2165
1444
1990
1807
1600
1136
1527
2060
2051
2257
1973
1685
2241
2007
1681
1660
1332
1861
1882
1805
1558
1992
1909
1393
1456
2298
2118
1739
2022
2233
1952
1553
1980
1996
3499
2227
2278
1788
5158
1827
2407
1962
3753
1670
1778
1453
1455
1558
1427
1453
1790
1688
2007
2241
2104
1733
1862
2253
1837
2217
2173
1887
1608
1906
1609
1802
1506
1143
1379
2013
1376
1797
2182
1515
6817
2056
2222
1981
2273
2271
1602
1529
5881
2071
1969
1975
1374
4033
7383
1825
1603
1640
1802
4965
2152
1982
1711
1804
1922
1367
1791
1455
2247
2108
1313
1431
1348
1357
7981
2274
5638
1697
1725
1744
2148
1910
1852
1950
7956
1449
1711
4983
2057
2000
1498
2045
1907
1972
2031
2076
2128
2164
1593
2049
1619
2273
5490
2200
7391
2263
3276
2121
4424
1959
1702
1832
2250
1372
2093
1492
1315
1565
1494
4507
1152
3639
1735
2150
2250
2058
1502
6130
7242
228
3163
2200
1954
1991
1957
2112
1879
1370
1364
1604
2424
3459
1432
1541
2112
1357
7635
1934
1444
2288
1770
1562
1866
1429
1657
1376
2060
3078
2298
1487
1730
1442
2121
1793
2140
5912
1760
2206
1950
2050
1940
1668
1338
1368
1375
1424
1368
1683
1829
1928
1643
1397
1483
1888
1770
1485
2244
2045
1535
1494
2134
1347
2264
1088
2293
1952
1047
2274
1528
1717
1509
1548
2145
2129
2072
2094
2219
1817
1405
1367
1484
1392
2036
848
1227
2048
1745
9336
1920
1646
5305
1313
8078
2157
1776
8961
1665
2193
1707
2164
2199
1483
2261
3175
3762
1836
1927
1874
1995
1660
1891
1778
1907
1470
1604
2280
1413
2153
2245
1800
7078
1305
5348
8464
1308
2150
1791
6277
5181
4909
5600
5230
5137
5176
2685
5527
5900
5218
5088
5973
5415
4908
4908
4917
5847
503
5336
5568
5103
5250
5156
4901
5057
9813
5705
5396
5814
5509
5754
5837
4953
5036
5855
4958
5067
5664
5475
5528
6914
4993
5138
6838
3688
5368
5214
5456
5835
5083
5304
5374
5879
5690
5757
5858
419
5802
1314
5469
5648
5343
5688
5336
5706
360
5603
5573
4975
4953
5621
4921
5529
5458
5283
5322
5774
5883
5794
4952
5841
5159
5101
4947
5742
4540
4959
5444
5275
5549
5138
8190
5637
5280
5439
5188
2205
5797
5641
5250
4908
4912
5655
4931
5247
5731
5087
5455
5742
7921
5251
5659
5766
5345
6735
5445
5162
5749
8140
5165
5626
8872
5217
5735
5046
5630
5274
4921
5366
5846
5771
5107
5420
5840
725
5081
3698
5583
8210
8779
5835
5302
5315
5024
5141
5797
5721
4991
5365
5515
4907
5830
5564
5271
5309
5675
4999
5414
5504
5184
5194
4917
5831
5197
5052
2852
1690
5931
3076
5157
5474
5476
5805
5249
5853
5017
5476
5773
5379
5532
5832
5364
8152
5612
5581
5852
5007
5518
5062
5458
5818
3613
5738
4944
5524
5866
5742
5615
2423
5846
5455
5807
5810
5428
5805
5443
5837
5241
5000
3906
5878
5256
4902
5198
5698
5819
5891
5131
6845
9520
5030
5202
5073
5192
5380
4986
5261
5748
5146
5532
5778
5552
5807
5694
5111
5317
5304
5066
5631
7338
5897
5856
9749
1502
5262
5225
5340
2067
5479
7164
5703
5805
5445
5125
5171
3409
5696
5318
4952
4938
6532
5082
944
5177
5896
5791
5603
7400
5726
4955
9015
5363
5130
4925
5016
5363
5650
5603
5646
5607
5870
5485
5718
5827
4955
5786
5236
5167
2508
3541
5802
6632
5624
5415
5032
5479
5155
5574
5740
5121
5452
5628
4984
5737
5681
5146
4985
5573
5714
5062
5289
4782
4101
5074
5540
5783
5866
5516
5281
5286
3787
5868
5420
5884
5750
8944
5296
5328
5032
5328
5439
5490
4911
5175
5663
5675
5078
4960
6998
5143
4971
5389
9771
4207
5020
5686
295
5699
5242
5506
3942
5484
4989
5754
5341
5799
4082
1955
5148
5848
5030
5226
642
5867
5468
4975
5074
4986
7029
9864
5047
6094
5065
5234
5305
6931
5782
5346
6937
5295
5077
5779
5854
5407
5172
5378
5323
5850
6847
5788
5891
5156
5128
5252
5245
5023
5877
5789
5479
5315
5044
5551
5350
5475
5533
5280
9191
5183
5795
5049
5533
5222
4985
5629
5133
5674
5026
5441
4937
3538
5235
5180
5492
3047
5278
5451
5377
4939
5524
5601
3061
4372
5063
5143
5802
5462
9135
5681
5587
5745
4993
5613
5370
5080
5515
5263
5404
4999
5840
5306
5527
4985
5521
5271
5176
5452
5096
5072
5750
4492
5011
5466
5362
5715
9229
5303
4889
5447
4334
5305
4879
5231
5153
9356
4970
5586
5219
5188
5838
5864
5325
1363
5091
3862
5098
8329
4143
4250
5792
5495
747
5373
5132
5239
4969
5704
5667
5178
5697
5768
1213
1258
1352
794
1086
1140
1146
935
785
7925
1327
425
2705
838
1077
893
960
802
525
725
7923
610
994
1149
686
786
636
1318
813
946
616
1364
1159
847
923
1367
2787
1322
970
872
705
624
1000
1096
1040
1305
1103
1347
436
1201
446
867
776
1282
1097
1135
762
731
1146
461
1036
837
1241
1111
755
903
1485
692
3078
5297
489
1044
807
624
1218
779
822
1274
837
1365
936
869
1366
1227
1408
800
1064
850
1154
9917
1327
6326
1047
7602
469
784
504
871
748
3627
9453
447
860
1078
2681
1117
780
1295
1363
410
835
8977
917
674
936
513
994
1015
916
1206
724
538
1243
800
508
1318
795
1034
693
702
813
1397
1070
1189
1062
1359
979
1384
1126
892
715
1213
9871
706
9907
6974
1227
946
667
1234
1202
6100
635
1636
1248
412
922
1359
1250
1023
426
579
7874
688
822
5289
1281
532
1105
955
818
1217
482
1118
801
705
627
1336
686
1371
653
1003
721
906
1190
794
537
752
990
781
1359
1318
808
1292
645
993
853
1313
957
2990
9687
3441
1156
608
999
572
978
993
582
893
1204
901
6711
1025
1255
953
1086
535
1258
1037
463
1106
9619
1272
922
697
1279
718
449
767
1009
9243
1131
614
521
1168
597
1291
1081
912
952
4598
1382
1306
638
985
1013
1290
1172
948
542
1269
1216
989
1119
1175
1295
691
780
1067
760
1340
1129
706
480
5342
995
698
1200
619
1011
1358
412
1161
1260
1311
1201
724
1286
1323
1287
1234
1029
1300
997
443
1144
471
1164
1075
645
882
215
164
733
884
854
6678
1166
540
1186
1141
1087
1093
1222
1004
481
1244
962
867
986
1033
875
601
662
647
1337
1102
718
644
704
4269
695
728
413
586
1084
1249
596
4642
683
918
586
611
1294
488
716
990
1391
1287
999
938
963
480
642
851
667
1142
691
727
864
1225
867
1130
1094
1130
917
894
440
7534
1226
1271
762
795
780
4481
3156
850
1239
604
803
1054
702
446
9927
1228
634
9683
1051
519
440
1233
567
2310
433
694
981
9682
1187
757
480
854
9823
956
485
777
1342
1324
1058
786
4516
1061
476
566
515
500
511
953
1282
697
1197
9291
5896
1121
944
411
652
1266
7968
1287
1297
1298
8767
1197
692
904
1036
1180
551
4339
445
930
1310
1089
434
800
1088
681
481
570
1127
1109
566
4466
9856
445
1174
1096
694
895
932
453
1156
859
6679
849
1114
437
587
1084
963
1328
8442
1170
948
435
442
524
1286
924
670
790
687
1096
1140
444
1159
1235
5063
619
713
1043
597
1300
6288
926
1393
1078
496
1001
1158
525
569
1148
836
704
1318
491
606
1223
5416
6103
5537
5578
6281
5593
5401
6196
7615
5656
5903
6030
5873
5979
5645
5621
6864
6092
6102
6036
5744
6356
6105
6031
6200
5719
5926
8786
5749
5962
6000
5909
5696
5938
5588
6140
5537
6286
5735
6354
5944
5728
5823
6007
2787
6218
5625
5875
6309
5893
5829
5616
2208
6393
1559
5610
2120
5506
6068
6291
5664
6278
2277
3375
5521
6145
5710
6149
6030
6014
6136
1245
6054
6247
5571
6390
6223
9376
5969
5601
5445
6372
6267
6028
5799
5591
5550
5946
5892
510
5782
6057
5431
5438
6061
5935
5631
5805
6203
5559
5619
3748
3172
5710
6018
3880
5421
1019
6319
2486
6165
5818
4432
5612
5942
5731
5702
6330
6297
5082
5499
6072
5670
5906
5902
5699
6913
6044
6285
6212
8331
5708
6266
5792
5850
5754
9055
5674
5656
5631
5960
5507
5634
5522
6120
5466
5764
6761
6158
5574
5662
6057
6233
5405
5702
5997
5714
5861
2319
5640
5655
6239
2618
6220
5748
7673
6186
3845
6030
5567
5468
2453
6009
1769
5874
6104
6140
6351
388
6036
5862
6074
6225
5845
6292
5787
5507
6148
6134
5694
1345
5404
5655
5425
6003
5755
5900
5705
6144
5509
5651
6264
6350
5705
5736
6263
5652
6142
6012
6252
5568
5857
6161
5488
6101
4862
5602
5952
6162
5425
5408
5939
5795
5402
5517
3363
5520
5892
5511
5854
6399
5833
6394
6252
6202
573
6304
3166
6169
5484
3470
6054
6234
5900
6248
6116
5506
5934
6077
6070
5541
6372
6065
5692
6157
5843
6334
6162
6346
5457
5492
6275
5971
5568
6344
5847
5839
5548
7884
9554
5501
6384
118
5509
6171
6212
5915
5567
5799
6039
5478
5624
5707
2565
5955
6163
5744
6171
5739
6121
6045
6330
5833
6256
5556
5487
6112
6375
6259
5892
702
5747
6327
6090
3752
5718
5771
3947
5651
5908
6235
5677
5502
6149
5586
6307
6193
5857
6112
5423
6081
6334
5507
6187
5655
5625
6017
9082
5668
5643
6094
6197
5511
6376
5947
6219
6001
5922
5655
5947
2163
5840
2482
5882
5625
6106
5913
6317
5700
5818
6157
5714
620
6055
5559
5724
6378
5804
5794
1795
6183
5466
5627
6278
6987
5665
5602
5791
6156
6174
5784
5444
6080
6352
6349
5972
5843
8454
5496
9937
6015
1867
5806
6378
5535
5584
5946
5789
5845
5404
1097
839
5693
657
5420
5874
5411
5557
5477
8588
6378
5943
7298
5437
5568
6114
6060
5562
5492
6014
1848
5670
6040
5405
1568
6287
6049
5598
3671
1215
6156
1730
6337
5829
5409
5470
8190
6126
5511
5698
6090
3021
6350
6360
1216
6106
6301
6105
8029
5706
5918
6058
5523
6383
6385
8110
5601
6012
5297
5738
5858
6023
5787
5870
6201
1613
5789
6196
5803
6383
5521
6139
5532
5961
5844
6336
5814
7786
5951
5562
6100
5982
5459
5930
6176
5987
6045
5448
6372
6271
6079
6258
5453
6399
5521
5953
6281
6128
5864
5737
4709
8787
5550
6153
5540
5629
5749
6023
5427
3721
9092
8737
8659
8580
8489
8825
9183
8749
8439
8995
9187
8737
8695
9700
9255
8744
7513
8740
8538
8385
9354
8488
8554
8656
9134
9177
8571
5759
8387
8854
8521
8711
8820
8794
8316
6708
8917
9190
8212
9238
8846
9143
6846
8627
9121
8732
8740
8911
8600
8725
8272
8747
9127
8365
9062
8765
9211
9015
8374
984
8573
8738
9081
8694
9048
8846
9799
9267
9136
8511
9261
8512
8815
8911
8511
8356
8472
9024
8770
9076
8450
8822
8444
9084
8701
8900
8697
7417
8691
9101
9118
9123
8809
8938
8476
9109
8808
8399
8427
8324
9195
8589
8426
8384
8992
8874
9127
8579
8991
3077
8687
9192
9070
8666
9231
9147
7485
8336
8772
8979
9010
8907
8436
8309
8417
9289
8643
9148
8689
8644
8773
3233
9080
8614
8824
8845
8761
9108
8714
9153
2322
276
4293
9084
8569
9172
8529
8934
4569
5676
9142
8763
3564
9083
8569
8671
9142
8551
9179
8688
9203
9112
8975
9041
8783
9026
9165
9136
8430
8741
9101
6595
9281
8850
9119
3553
8366
8519
8498
8824
8594
8882
8978
8377
8863
7401
8651
8327
9182
839
5273
2287
4296
9269
8975
1508
4828
8403
8567
8582
8465
3783
8662
8385
8724
8879
9255
8998
9073
9138
9469
8387
8416
9122
8940
8386
535
8102
2162
8735
8608
9082
9173
9106
9185
9080
8300
8986
6660
9173
1650
8613
9106
9197
8796
8821
8761
963
8482
8967
8953
8994
8636
8885
8592
8578
9234
9077
8405
8787
8391
8922
9473
8724
9103
9061
8926
8928
8392
8346
9083
8821
8523
8690
8397
8809
9048
8912
9236
8555
8825
8866
9278
5322
8917
8422
8537
8343
8773
499
8502
9275
8690
8482
9149
8691
8918
8610
3281
8535
8518
8976
9196
8675
8524
6743
8695
115
9054
8517
8396
8422
8839
8960
1326
8846
8934
8830
8342
8445
8484
6522
8866
9288
8065
8890
8817
9206
9083
8494
9109
9112
1875
9041
8616
8397
8954
8556
3683
8403
8855
8815
9126
8541
8992
8686
8594
9248
8395
8636
8310
9217
8400
8802
8931
8584
8819
1519
8685
8531
8558
9136
8477
8871
1353
9190
8798
8780
8466
8487
8441
8610
8409
8514
8835
2688
2673
8654
9171
9276
8972
8701
8360
9203
8508
8645
1316
8518
8628
1338
8658
8477
8885
8716
9175
8630
8387
4324
8682
7980
8349
8705
8824
9052
9152
9141
8765
8642
9007
8473
8732
8838
5606
8817
8359
8760
8583
8695
8478
8310
9246
9001
8689
9077
9286
8989
8840
9086
8329
8892
9038
8558
8782
9275
9002
8542
9080
8396
8866
9101
1363
9258
8303
8610
5712
635
8991
8405
8890
8455
9299
8644
8737
8791
8766
9173
8561
9150
9218
8767
8920
9070
9215
2505
8595
8342
9103
9139
2069
9150
8696
8923
5036
8992
8316
9164
8313
8833
1427
8336
8858
8773
8869
8758
9227
8478
8869
8604
9186
9131
8381
8422
8635
9224
8666
8867
9220
9166
8360
9088
9220
8764
9117
8776
8493
8324
9233
4411
6459
9062
2211
2973
2177
2678
2509
2603
2690
2419
7564
2892
2280
2865
2449
297
2492
3090
2132
2217
3048
2815
2792
2880
2903
2765
2414
7762
2658
2745
1263
2707
2355
2350
2334
2585
2856
2470
2653
5122
2720
2124
2108
2596
2715
2896
2458
2261
2803
2999
2227
3044
2849
2390
2361
3083
2624
4889
4301
2161
2398
2281
2144
5060
111
2381
2164
7339
2186
2673
2218
2593
9772
2857
2431
2131
2363
2113
2601
9218
2881
2551
2842
2849
2169
2510
2869
2102
2119
2787
2286
2938
2889
2492
2660
2347
3098
2470
2212
2492
2898
2521
2921
2408
2229
2699
9723
2550
2438
3038
6117
2306
2342
2293
2163
2818
2309
2946
4986
2794
2530
2475
3062
2363
8447
3033
2744
2505
2372
3038
2422
2827
2757
2661
2833
2894
2259
2613
2295
2211
2591
2236
2889
2221
2527
2729
2976
3023
2798
2958
2134
2312
2452
2435
2744
9920
276
2329
2373
2117
2537
2794
464
2583
2551
2198
2242
2463
2421
5078
3003
2579
2255
2271
2421
2628
2810
2182
2325
2916
2703
2582
2880
2291
2564
3067
2373
2562
2162
2917
3943
2291
2322
2459
2833
2950
3066
1229
2951
2113
2309
2556
2688
2817
2521
2642
2593
2816
5486
2362
2159
2329
2417
2207
5629
2734
2858
2728
2633
2192
2762
2826
2446
3014
2573
2623
2366
2797
2727
2290
2158
2220
2937
2941
2444
2413
2167
2427
5246
2279
9578
2508
2319
2222
2562
2269
2543
2692
2952
8896
2229
2939
2244
2799
3063
2880
2809
2615
2191
2923
2527
2637
2568
2613
2384
3093
2638
2904
2750
5335
2199
2290
2271
2605
2303
2423
3024
8859
2604
2576
2272
2856
2508
2967
2156
4994
2543
2865
2141
2867
9819
2574
2420
2540
3401
2518
2415
2263
2646
2461
2461
2589
2685
3057
3056
2975
9031
3014
2551
2736
2718
2683
2416
2161
2450
2816
3062
7309
3061
2224
2941
2363
3050
2399
2956
2948
3049
2934
2393
3040
2835
3035
2299
2158
2959
2504
2304
2859
2470
2115
1419
2264
3066
2531
2164
3045
2892
4230
722
2562
3024
2974
2463
2514
2692
2411
6881
2659
2578
2937
2969
2516
2847
2752
2854
2932
3069
3497
2649
2844
8983
2400
2396
2285
2370
5021
2964
2865
2720
2245
8747
2511
2741
3032
2622
2537
3048
2478
2853
5400
2682
3047
1057
502
2110
5601
2166
2688
2760
2421
2651
2380
3049
2743
2171
3071
3070
2194
2665
2200
2681
2333
2994
6855
2870
3565
8645
2550
2229
2645
2792
3173
2945
2506
525
2925
2915
2993
2963
6294
2261
2242
254
2985
2527
2128
2251
2859
9791
2273
49
8130
2987
2437
7924
6175
2950
2846
2888
2403
2309
6469
1882
2230
2220
2152
2652
4736
2512
4273
2720
2823
2542
3095
2564
2681
7981
2940
3440
2480
2787
9950
2769
2845
3033
2364
2766
2582
3134
2854
2293
2414
2515
2378
2445
2664
2411
2840
2152
2948
2434
2600
2200
2372
3115
2948
2302
2173
2184
2200
2559
2894
8967
8891
9250
9394
9009
9438
9620
9689
9597
9138
9274
9309
9625
9118
9424
9386
9437
9226
428
7301
9288
4926
8918
1296
9264
8973
9412
9062
9525
9181
7421
4989
9504
9364
9341
3944
9289
8828
8818
8981
6183
9713
9126
9209
9077
9784
9203
8877
9666
8821
9418
9260
8928
9124
9302
9276
2535
9368
9788
9619
9013
8804
9563
9427
8903
9117
9734
9412
9263
9678
8390
9082
8985
9120
9124
9131
8967
8964
9536
9669
9419
9768
9107
9354
9004
9629
8965
9524
9593
9766
9627
9078
9778
9099
9084
1945
9765
9116
7178
9676
9628
8943
9786
9549
9236
8856
9542
9391
9733
9143
9438
9479
8964
8827
9021
9160
9777
8893
8964
3670
8925
9056
9495
9734
9039
9449
8888
9144
9099
9192
9411
3836
9674
9192
9712
9774
9408
8992
9165
3556
5309
9394
9064
9468
9650
9172
9459
9421
9420
9647
9317
9459
8853
9192
9005
9510
9680
4568
9433
9372
9496
9777
9727
9369
9141
9337
9386
9158
9101
8934
9707
8824
7391
8996
641
9502
8945
8447
9444
8850
9270
9261
9238
9780
9728
8965
8807
8820
7344
8961
8899
9287
9291
9567
9310
9469
9969
9590
8969
9739
9289
9366
9793
9148
9624
9465
8944
9168
4227
9784
9067
6238
9541
9785
9320
8939
7986
7524
9041
9415
9627
9305
8941
4197
7957
4372
9059
9323
9547
9276
9411
9755
5056
9287
8845
9254
8852
9064
9665
1426
8973
9499
9582
9332
9398
749
9784
3163
6527
9295
3664
9281
9500
696
8918
9662
9004
9239
9474
8815
9676
9089
9263
9407
9643
7875
8864
8899
9391
9176
9526
9332
9611
8865
9147
9567
9596
1044
8817
9314
8803
9575
9752
9110
8898
9344
9397
9770
9035
9535
9027
9127
9010
9625
8931
9681
9104
5958
9270
9201
9565
8066
9601
9695
9645
9001
9048
6748
9001
9274
9792
9175
9752
9367
9647
9295
9315
517
3767
8858
9071
9599
9732
7756
9743
9015
9172
9618
8838
3782
9026
9352
9270
9020
2896
5910
9704
4714
9697
9458
9736
9106
9663
9136
8942
9034
8819
8283
8330
9220
9727
8864
9167
9420
8937
9704
1187
9265
4565
9711
8891
411
9490
9659
9587
9218
9418
9379
9046
9007
9253
8982
8829
9439
9788
3756
1275
9388
9257
9525
8892
9704
8973
8987
9530
9201
9289
7541
9190
9180
6531
9495
9680
9552
4273
9404
4028
9008
9148
9695
8845
8985
9195
9760
9010
9507
9065
8805
6849
9246
9315
9310
8973
9062
9452
9381
8872
3540
9291
8980
9406
9725
9239
9259
8986
9582
9094
8890
3493
2172
3628
8885
9065
9404
9732
9277
8818
9657
9685
9294
9075
8811
9141
9319
8975
9495
8857
9481
9173
9057
9726
9138
9142
9443
9553
8800
9143
9776
9527
9314
9542
9031
9027
9612
7896
9630
8981
5776
9698
9650
9706
9773
9521
9428
9316
9359
9669
9443
735
8975
9730
9494
9581
9678
9423
9695
943
9174
9421
1552
389
9460
9415
8822
9023
9251
9261
2094
9360
9682
